1713694420578 0.18551667034626007 0
1713694422295 0.38206666707992554 1
1713694423991 0.5260999798774719 2
1713694425728 0.6285833120346069 3
1713694427438 0.6994166374206543 4
1713694429110 0.7419000267982483 5
1713694430918 0.7686166763305664 6
1713694432786 0.7917333245277405 7
1713694434604 0.8095499873161316 8
1713694436332 0.826366662979126 9
1713694438148 0.8407666683197021 10
1713694439931 0.8502833247184753 11
1713694441717 0.8587166666984558 12
1713694443525 0.866100013256073 13
1713694445270 0.8720166683197021 14
1713694447062 0.8763666749000549 15
1713694448848 0.8808500170707703 16
1713694450644 0.8846333622932434 17
1713694452357 0.8880500197410583 18
1713694454105 0.8917166590690613 19
