1713694420578 2.2591354846954346 0
1713694422295 2.1174511909484863 1
1713694423991 1.8523671627044678 2
1713694425728 1.5270167589187622 3
1713694427438 1.2577078342437744 4
1713694429110 1.0731241703033447 5
1713694430918 0.9440758228302002 6
1713694432786 0.8472979068756104 7
1713694434604 0.7700674533843994 8
1713694436332 0.7060545682907104 9
1713694438148 0.6518310904502869 10
1713694439931 0.6058643460273743 11
1713694441717 0.5671324729919434 12
1713694443525 0.5345644950866699 13
1713694445270 0.5071633458137512 14
1713694447062 0.4837268888950348 15
1713694448848 0.4635665714740753 16
1713694450644 0.4456718862056732 17
1713694452357 0.43002963066101074 18
1713694454105 0.4157866835594177 19
