1713685406328 0.41893333196640015 0
1713685407431 0.0 1
1713685412966 0.5780666470527649 2
1713685414858 0.0 3
1713685418553 0.6233999729156494 4
1713685419614 0.0 5
1713685422568 0.6390166878700256 6
1713685424905 0.0 7
1713685428986 0.6531333327293396 8
1713685430555 0.0 9
1713685434483 0.6659333109855652 10
1713685435877 0.0 11
1713685440016 0.6747000217437744 12
1713685442351 0.0 13
1713685446665 0.6847166419029236 14
1713685448491 0.0 15
1713685453581 0.6909999847412109 16
1713685455118 0.0 17
1713685457950 0.6983333230018616 18
1713685458894 0.0 19
1713685461942 0.7087000012397766 20
1713685462973 0.0 21
1713685467416 0.7102166414260864 22
1713685468653 0.0 23
1713685472101 0.7219499945640564 24
1713685473388 0.0 25
1713685477202 0.7244666814804077 26
1713685478310 0.0 27
1713685482438 0.7292666435241699 28
1713685483720 0.0 29
1713685487223 0.736383318901062 30
1713685490034 0.0 31
1713685495772 0.7375500202178955 32
1713685497590 0.0 33
1713685502432 0.7399333119392395 34
1713685503862 0.0 35
1713685506434 0.743316650390625 36
1713685509320 0.0 37
1713685519825 0.7479333281517029 38
1713685520758 0.0 39
1713685526874 0.7468666434288025 40
1713685528953 0.0 41
1713685533694 0.7482333183288574 42
1713685535439 0.0 43
1713685540624 0.754883348941803 44
1713685542376 0.0 45
1713685546430 0.7539833188056946 46
1713685549104 0.0 47
1713685554437 0.7591000199317932 48
1713685555616 0.0 49
