1713685406328 4.533390522003174 0
1713685407431 0.0 1
1713685412966 2.323448419570923 2
1713685414858 0.0 3
1713685418553 1.9095940589904785 4
1713685419614 0.0 5
1713685422568 1.783475399017334 6
1713685424905 0.0 7
1713685428986 1.7125591039657593 8
1713685430555 0.0 9
1713685434483 1.6611125469207764 10
1713685435877 0.0 11
1713685440016 1.621656894683838 12
1713685442351 0.0 13
1713685446665 1.589979648590088 14
1713685448491 0.0 15
1713685453581 1.5626416206359863 16
1713685455118 0.0 17
1713685457950 1.5401098728179932 18
1713685458894 0.0 19
1713685461942 1.5136234760284424 20
1713685462973 0.0 21
1713685467416 1.4983959197998047 22
1713685468653 0.0 23
1713685472101 1.4765340089797974 24
1713685473388 0.0 25
1713685477202 1.4597407579421997 26
1713685478310 0.0 27
1713685482438 1.4455039501190186 28
1713685483720 0.0 29
1713685487223 1.427321434020996 30
1713685490034 0.0 31
1713685495772 1.4171366691589355 32
1713685497590 0.0 33
1713685502432 1.4041554927825928 34
1713685503862 0.0 35
1713685506434 1.39054274559021 36
1713685509320 0.0 37
1713685519825 1.3749557733535767 38
1713685520758 0.0 39
1713685526874 1.3720110654830933 40
1713685528953 0.0 41
1713685533694 1.3609977960586548 42
1713685535439 0.0 43
1713685540624 1.3471022844314575 44
1713685542376 0.0 45
1713685546430 1.3457714319229126 46
1713685549104 0.0 47
1713685554437 1.3307769298553467 48
1713685555616 0.0 49
