1713692267201 0.3801000118255615 0
1713692267661 0.0 1
1713692268598 0.5694000124931335 2
1713692269107 0.0 3
1713692270050 0.6276333332061768 4
1713692270473 0.0 5
1713692271418 0.6625000238418579 6
1713692271844 0.0 7
1713692272799 0.686033308506012 8
1713692273288 0.0 9
1713692274193 0.7006000280380249 10
1713692274648 0.0 11
1713692275585 0.7151833176612854 12
1713692276031 0.0 13
1713692277077 0.7221666574478149 14
1713692277518 0.0 15
1713692278542 0.734000027179718 16
1713692279019 0.0 17
1713692279967 0.7360166907310486 18
1713692280449 0.0 19
1713692281439 0.741349995136261 20
1713692281934 0.0 21
1713692282913 0.7419499754905701 22
1713692283374 0.0 23
1713692284347 0.7511833310127258 24
1713692284825 0.0 25
1713692285792 0.7520333528518677 26
1713692286225 0.0 27
1713692287202 0.7519000172615051 28
1713692287667 0.0 29
1713692288616 0.7544999718666077 30
1713692289052 0.0 31
1713692290036 0.7576500177383423 32
1713692290467 0.0 33
1713692291417 0.761816680431366 34
1713692291916 0.0 35
1713692292869 0.7593333125114441 36
1713692293308 0.0 37
1713692294282 0.7627500295639038 38
1713692294715 0.0 39
1713692295679 0.7616166472434998 40
1713692296191 0.0 41
1713692297152 0.7613166570663452 42
1713692297608 0.0 43
1713692298575 0.765250027179718 44
1713692299009 0.0 45
1713692300021 0.7652166485786438 46
1713692300496 0.0 47
1713692301512 0.765916645526886 48
1713692301995 0.0 49
