1713692267201 4.506130218505859 0
1713692267661 0.0 1
1713692268598 2.3534531593322754 2
1713692269107 0.0 3
1713692270050 1.9446570873260498 4
1713692270473 0.0 5
1713692271418 1.8054399490356445 6
1713692271844 0.0 7
1713692272799 1.7245314121246338 8
1713692273288 0.0 9
1713692274193 1.66517972946167 10
1713692274648 0.0 11
1713692275585 1.6164216995239258 12
1713692276031 0.0 13
1713692277077 1.577839732170105 14
1713692277518 0.0 15
1713692278542 1.5417033433914185 16
1713692279019 0.0 17
1713692279967 1.5172148942947388 18
1713692280449 0.0 19
1713692281439 1.4895588159561157 20
1713692281934 0.0 21
1713692282913 1.4702839851379395 22
1713692283374 0.0 23
1713692284347 1.4466133117675781 24
1713692284825 0.0 25
1713692285792 1.4295709133148193 26
1713692286225 0.0 27
1713692287202 1.4165829420089722 28
1713692287667 0.0 29
1713692288616 1.4007534980773926 30
1713692289052 0.0 31
1713692290036 1.3884118795394897 32
1713692290467 0.0 33
1713692291417 1.3714224100112915 34
1713692291916 0.0 35
1713692292869 1.363944411277771 36
1713692293308 0.0 37
1713692294282 1.3522748947143555 38
1713692294715 0.0 39
1713692295679 1.343406081199646 40
1713692296191 0.0 41
1713692297152 1.3333969116210938 42
1713692297608 0.0 43
1713692298575 1.3238717317581177 44
1713692299009 0.0 45
1713692300021 1.318940281867981 46
1713692300496 0.0 47
1713692301512 1.3116461038589478 48
1713692301995 0.0 49
