1713694333525 0.367000013589859 0
1713694335242 0.7297333478927612 1
1713694337081 0.7989000082015991 2
1713694338834 0.8288000226020813 3
1713694340774 0.8464333415031433 4
1713694342566 0.8454833626747131 5
1713694344333 0.8578500151634216 6
1713694346105 0.847266674041748 7
1713694347882 0.8575166463851929 8
1713694349645 0.8701666593551636 9
1713694351370 0.8718166947364807 10
1713694353131 0.8797666430473328 11
1713694354874 0.8509500026702881 12
1713694356569 0.8674499988555908 13
1713694358309 0.8709166646003723 14
1713694360048 0.8701833486557007 15
1713694361835 0.8800333142280579 16
1713694363641 0.8625500202178955 17
1713694365484 0.8805500268936157 18
1713694367273 0.8732666373252869 19
