1713694333525 1.8614565134048462 0
1713694335242 0.9309527277946472 1
1713694337081 0.747469425201416 2
1713694338834 0.6530691981315613 3
1713694340774 0.5913194417953491 4
1713694342566 0.5823128819465637 5
1713694344333 0.552088737487793 6
1713694346105 0.575153648853302 7
1713694347882 0.5468244552612305 8
1713694349645 0.5072027444839478 9
1713694351370 0.5102497935295105 10
1713694353131 0.4789467453956604 11
1713694354874 0.5600311160087585 12
1713694356569 0.5210092663764954 13
1713694358309 0.5016943216323853 14
1713694360048 0.5145295262336731 15
1713694361835 0.4724006652832031 16
1713694363641 0.5283392071723938 17
1713694365484 0.4686775207519531 18
1713694367273 0.485110878944397 19
