1713692606211 0.2785166800022125 0
1713692608147 0.5418833494186401 1
1713692610122 0.692633330821991 2
1713692612064 0.7613000273704529 3
1713692613976 0.8083333373069763 4
1713692616417 0.8398000001907349 5
1713692618934 0.8606333136558533 6
1713692620942 0.8751333355903625 7
1713692622929 0.885866641998291 8
1713692624943 0.8934833407402039 9
1713692626903 0.8989999890327454 10
1713692628888 0.9043833613395691 11
1713692630819 0.9085166454315186 12
1713692632743 0.912766695022583 13
1713692634731 0.9160500168800354 14
1713692636731 0.9195166826248169 15
1713692638776 0.9224666953086853 16
1713692640892 0.9252499938011169 17
1713692642951 0.9275333285331726 18
1713692645024 0.9294499754905701 19
