1713692606211 2.189915895462036 0
1713692608147 1.6662063598632812 1
1713692610122 1.1514534950256348 2
1713692612064 0.8889913558959961 3
1713692613976 0.7389817833900452 4
1713692616417 0.6369739174842834 5
1713692618934 0.5568976402282715 6
1713692620942 0.4938834011554718 7
1713692622929 0.44680970907211304 8
1713692624943 0.41116663813591003 9
1713692626903 0.3835872411727905 10
1713692628888 0.3606313169002533 11
1713692630819 0.341439425945282 12
1713692632743 0.324786514043808 13
1713692634731 0.31009602546691895 14
1713692636731 0.29679957032203674 15
1713692638776 0.28519073128700256 16
1713692640892 0.2746797204017639 17
1713692642951 0.2647930979728699 18
1713692645024 0.2561285197734833 19
