1713684453003 0.40548333525657654 0
1713684453974 0.0 1
1713684456855 0.5742499828338623 2
1713684457814 0.0 3
1713684460347 0.6429333090782166 4
1713684461276 0.0 5
1713684464312 0.6740000247955322 6
1713684465672 0.0 7
1713684470207 0.6925666928291321 8
1713684471086 0.0 9
1713684474425 0.7114999890327454 10
1713684475526 0.0 11
1713684478197 0.7235333323478699 12
1713684480168 0.0 13
1713684485276 0.7386999726295471 14
1713684486130 0.0 15
1713684490804 0.7470333576202393 16
1713684492134 0.0 17
1713684496764 0.7550666928291321 18
1713684498021 0.0 19
1713684503909 0.7611500024795532 20
1713684505471 0.0 21
1713684510140 0.7682333588600159 22
1713684511309 0.0 23
1713684516267 0.7695833444595337 24
1713684517695 0.0 25
1713684522514 0.7763500213623047 26
1713684523446 0.0 27
1713684527767 0.7753166556358337 28
1713684529657 0.0 29
1713684536881 0.7752333283424377 30
1713684538318 0.0 31
1713684543383 0.7802833318710327 32
1713684545216 0.0 33
1713684549576 0.7823166847229004 34
1713684551262 0.0 35
1713684554831 0.7860000133514404 36
1713684555733 0.0 37
1713684572078 0.7875666618347168 38
1713684572888 0.0 39
1713684575387 0.7856666445732117 40
1713684577291 0.0 41
1713684582142 0.7915833592414856 42
1713684583194 0.0 43
1713684588084 0.791616678237915 44
1713684589616 0.0 45
1713684595124 0.7924666404724121 46
1713684597288 0.0 47
1713684606570 0.7934333086013794 48
1713684608836 0.0 49
