1713684453003 4.5331645011901855 0
1713684453974 0.0 1
1713684456855 2.3574469089508057 2
1713684457814 0.0 3
1713684460347 1.9383984804153442 4
1713684461276 0.0 5
1713684464312 1.798129677772522 6
1713684465672 0.0 7
1713684470207 1.721498727798462 8
1713684471086 0.0 9
1713684474425 1.6641700267791748 10
1713684475526 0.0 11
1713684478197 1.6204619407653809 12
1713684480168 0.0 13
1713684485276 1.5788592100143433 14
1713684486130 0.0 15
1713684490804 1.5457684993743896 16
1713684492134 0.0 17
1713684496764 1.516271948814392 18
1713684498021 0.0 19
1713684503909 1.490543246269226 20
1713684505471 0.0 21
1713684510140 1.4632683992385864 22
1713684511309 0.0 23
1713684516267 1.4454941749572754 24
1713684517695 0.0 25
1713684522514 1.4239377975463867 26
1713684523446 0.0 27
1713684527767 1.4115028381347656 28
1713684529657 0.0 29
1713684536881 1.3940348625183105 30
1713684538318 0.0 31
1713684543383 1.3803353309631348 32
1713684545216 0.0 33
1713684549576 1.366300344467163 34
1713684551262 0.0 35
1713684554831 1.3519082069396973 36
1713684555733 0.0 37
1713684572078 1.3424147367477417 38
1713684572888 0.0 39
1713684575387 1.3344916105270386 40
1713684577291 0.0 41
1713684582142 1.3190913200378418 42
1713684583194 0.0 43
1713684588084 1.3102939128875732 44
1713684589616 0.0 45
1713684595124 1.3044441938400269 46
1713684597288 0.0 47
1713684606570 1.2942118644714355 48
1713684608836 0.0 49
