1713694171588 0.40834999084472656 0
1713694172079 0.0 1
1713694172834 0.5707166790962219 2
1713694173260 0.0 3
1713694174001 0.6425166726112366 4
1713694174428 0.0 5
1713694175214 0.677299976348877 6
1713694175631 0.0 7
1713694176383 0.7035333514213562 8
1713694176859 0.0 9
1713694177630 0.7178833484649658 10
1713694178022 0.0 11
1713694178737 0.7356500029563904 12
1713694179249 0.0 13
1713694180061 0.7443000078201294 14
1713694180485 0.0 15
1713694181202 0.7531999945640564 16
1713694181600 0.0 17
1713694182391 0.7615333199501038 18
1713694182787 0.0 19
1713694183516 0.7637333273887634 20
1713694183922 0.0 21
1713694184661 0.7715333104133606 22
1713694185047 0.0 23
1713694185821 0.7743666768074036 24
1713694186259 0.0 25
1713694187007 0.778333306312561 26
1713694187400 0.0 27
1713694188165 0.7822833061218262 28
1713694188598 0.0 29
1713694189386 0.7787500023841858 30
1713694189811 0.0 31
1713694190566 0.7858333587646484 32
1713694191008 0.0 33
1713694191797 0.784166693687439 34
1713694192194 0.0 35
1713694192943 0.7886166572570801 36
1713694193408 0.0 37
1713694194169 0.7874500155448914 38
1713694194610 0.0 39
1713694195347 0.7883999943733215 40
1713694195763 0.0 41
1713694196486 0.7924333214759827 42
1713694196948 0.0 43
1713694197672 0.7865166664123535 44
1713694198105 0.0 45
1713694198850 0.7937666773796082 46
1713694199293 0.0 47
1713694199994 0.7961333394050598 48
1713694200419 0.0 49
