1713694171588 4.518214702606201 0
1713694172079 0.0 1
1713694172834 2.359128475189209 2
1713694173260 0.0 3
1713694174001 1.9385215044021606 4
1713694174428 0.0 5
1713694175214 1.7979631423950195 6
1713694175631 0.0 7
1713694176383 1.7181155681610107 8
1713694176859 0.0 9
1713694177630 1.6596894264221191 10
1713694178022 0.0 11
1713694178737 1.6121598482131958 12
1713694179249 0.0 13
1713694180061 1.5747184753417969 14
1713694180485 0.0 15
1713694181202 1.5409395694732666 16
1713694181600 0.0 17
1713694182391 1.5077940225601196 18
1713694182787 0.0 19
1713694183516 1.486148715019226 20
1713694183922 0.0 21
1713694184661 1.4581748247146606 22
1713694185047 0.0 23
1713694185821 1.4369415044784546 24
1713694186259 0.0 25
1713694187007 1.4199700355529785 26
1713694187400 0.0 27
1713694188165 1.400191307067871 28
1713694188598 0.0 29
1713694189386 1.3893707990646362 30
1713694189811 0.0 31
1713694190566 1.3706002235412598 32
1713694191008 0.0 33
1713694191797 1.3589972257614136 34
1713694192194 0.0 35
1713694192943 1.344870686531067 36
1713694193408 0.0 37
1713694194169 1.336948275566101 38
1713694194610 0.0 39
1713694195347 1.323319673538208 40
1713694195763 0.0 41
1713694196486 1.3122884035110474 42
1713694196948 0.0 43
1713694197672 1.3096586465835571 44
1713694198105 0.0 45
1713694198850 1.2913377285003662 46
1713694199293 0.0 47
1713694199994 1.285876989364624 48
1713694200419 0.0 49
