1713693910617 0.2643499970436096 0
1713693912315 0.44663333892822266 1
1713693913971 0.5120499730110168 2
1713693915642 0.5524666905403137 3
1713693917352 0.5897833108901978 4
1713693919032 0.6013000011444092 5
1713693920876 0.6331999897956848 6
1713693922733 0.7135666608810425 7
1713693924425 0.7201166749000549 8
1713693926129 0.7436166405677795 9
1713693927832 0.760200023651123 10
1713693929541 0.7702333331108093 11
1713693931272 0.7768499851226807 12
1713693932946 0.7684999704360962 13
1713693934650 0.7835666537284851 14
1713693936399 0.7870000004768372 15
1713693938078 0.7808166742324829 16
1713693939779 0.798466682434082 17
1713693941463 0.7924333214759827 18
1713693943162 0.8077999949455261 19
