1713693910617 2.018064260482788 0
1713693912315 1.5990742444992065 1
1713693913971 1.4922147989273071 2
1713693915642 1.4357411861419678 3
1713693917352 1.332661747932434 4
1713693919032 1.2971644401550293 5
1713693920876 1.2287254333496094 6
1713693922733 1.0372167825698853 7
1713693924425 0.9962817430496216 8
1713693926129 0.9116743206977844 9
1713693927832 0.8579522371292114 10
1713693929541 0.8427083492279053 11
1713693931272 0.8383027911186218 12
1713693932946 0.8316208720207214 13
1713693934650 0.7968823313713074 14
1713693936399 0.7936971783638 15
1713693938078 0.7937232255935669 16
1713693939779 0.7642157077789307 17
1713693941463 0.7796319723129272 18
1713693943162 0.7288828492164612 19
