1713689936825 0.40424999594688416 0
1713689940493 0.6532999873161316 1
1713689944275 0.7429999709129333 2
1713689948121 0.7962666749954224 3
1713689952106 0.8209999799728394 4
1713689955947 0.7911166548728943 5
1713689959743 0.8011999726295471 6
1713689963474 0.8053666949272156 7
1713689967352 0.8114666938781738 8
1713689970876 0.8369166851043701 9
1713689974588 0.847266674041748 10
1713689977992 0.8334500193595886 11
1713689981553 0.8532833456993103 12
1713689985279 0.871916651725769 13
1713689988995 0.8615166544914246 14
1713689992554 0.8545833230018616 15
1713689995663 0.866599977016449 16
1713689999443 0.8740333318710327 17
1713690003308 0.880383312702179 18
1713690007334 0.8568000197410583 19
