1713689936825 1.746690273284912 0
1713689940493 1.1490520238876343 1
1713689944275 0.8980182409286499 2
1713689948121 0.7299073934555054 3
1713689952106 0.6655184030532837 4
1713689955947 0.7599927186965942 5
1713689959743 0.7367044687271118 6
1713689963474 0.6753616333007812 7
1713689967352 0.6867278218269348 8
1713689970876 0.6281001567840576 9
1713689974588 0.590469241142273 10
1713689977992 0.6018660664558411 11
1713689981553 0.5688451528549194 12
1713689985279 0.5083214640617371 13
1713689988995 0.5409283638000488 14
1713689992554 0.5628839731216431 15
1713689995663 0.5168839693069458 16
1713689999443 0.48608893156051636 17
1713690003308 0.4770316183567047 18
1713690007334 0.5466483235359192 19
