1713691606921 0.6122166514396667 0
1713691610438 0.8153666853904724 1
1713691614174 0.8466500043869019 2
1713691617927 0.8501833081245422 3
1713691621685 0.8591333627700806 4
1713691625424 0.861466646194458 5
1713691629174 0.8694000244140625 6
1713691632756 0.8768666386604309 7
1713691636147 0.878849983215332 8
1713691639531 0.8742166757583618 9
1713691643059 0.883400022983551 10
1713691646710 0.8748166561126709 11
1713691650474 0.8854833245277405 12
1713691654276 0.8954333066940308 13
1713691658064 0.8957499861717224 14
1713691661898 0.8916166424751282 15
1713691665599 0.8930666446685791 16
1713691669379 0.8967166543006897 17
1713691673210 0.8999333381652832 18
1713691676973 0.9006999731063843 19
