1713691606921 1.2234704494476318 0
1713691610438 0.6684365272521973 1
1713691614174 0.5743919014930725 2
1713691617927 0.5477443337440491 3
1713691621685 0.5223029255867004 4
1713691625424 0.5139808654785156 5
1713691629174 0.48836463689804077 6
1713691632756 0.46469739079475403 7
1713691636147 0.4574563205242157 8
1713691639531 0.4706028997898102 9
1713691643059 0.44216907024383545 10
1713691646710 0.4689697325229645 11
1713691650474 0.43221262097358704 12
1713691654276 0.40821319818496704 13
1713691658064 0.40196090936660767 14
1713691661898 0.4177721440792084 15
1713691665599 0.414544939994812 16
1713691669379 0.3966834247112274 17
1713691673210 0.38793453574180603 18
1713691676973 0.3839643597602844 19
