1713693747386 0.37906667590141296 0
1713693747837 0.0 1
1713693748616 0.5559499859809875 2
1713693749013 0.0 3
1713693749760 0.621066689491272 4
1713693750220 0.0 5
1713693751019 0.6574000120162964 6
1713693751420 0.0 7
1713693752219 0.6845499873161316 8
1713693752645 0.0 9
1713693753431 0.7051500082015991 10
1713693753816 0.0 11
1713693754563 0.719083309173584 12
1713693755000 0.0 13
1713693755739 0.7309499979019165 14
1713693756221 0.0 15
1713693756948 0.7420666813850403 16
1713693757348 0.0 17
1713693758098 0.751716673374176 18
1713693758528 0.0 19
1713693759314 0.7566333413124084 20
1713693759840 0.0 21
1713693760594 0.7663000226020813 22
1713693761071 0.0 23
1713693761881 0.7681333422660828 24
1713693762324 0.0 25
1713693763112 0.7683166861534119 26
1713693763559 0.0 27
1713693764295 0.7738333344459534 28
1713693764667 0.0 29
1713693765424 0.779366672039032 30
1713693765837 0.0 31
1713693766718 0.7802000045776367 32
1713693767173 0.0 33
1713693767871 0.7792333364486694 34
1713693768269 0.0 35
1713693769101 0.7832499742507935 36
1713693769524 0.0 37
1713693770276 0.782716691493988 38
1713693770803 0.0 39
1713693771615 0.785183310508728 40
1713693772057 0.0 41
1713693772837 0.7849833369255066 42
1713693773249 0.0 43
1713693774030 0.788433313369751 44
1713693774469 0.0 45
1713693775339 0.7874000072479248 46
1713693775779 0.0 47
1713693776583 0.7907166481018066 48
1713693777066 0.0 49
