1713693747386 4.519900321960449 0
1713693747837 0.0 1
1713693748616 2.377800941467285 2
1713693749013 0.0 3
1713693749760 1.9583450555801392 4
1713693750220 0.0 5
1713693751019 1.8109527826309204 6
1713693751420 0.0 7
1713693752219 1.732765793800354 8
1713693752645 0.0 9
1713693753431 1.6706032752990723 10
1713693753816 0.0 11
1713693754563 1.6250828504562378 12
1713693755000 0.0 13
1713693755739 1.5854655504226685 14
1713693756221 0.0 15
1713693756948 1.5514024496078491 16
1713693757348 0.0 17
1713693758098 1.5189541578292847 18
1713693758528 0.0 19
1713693759314 1.49507737159729 20
1713693759840 0.0 21
1713693760594 1.4693747758865356 22
1713693761071 0.0 23
1713693761881 1.4494404792785645 24
1713693762324 0.0 25
1713693763112 1.4302473068237305 26
1713693763559 0.0 27
1713693764295 1.4141286611557007 28
1713693764667 0.0 29
1713693765424 1.394534945487976 30
1713693765837 0.0 31
1713693766718 1.3786022663116455 32
1713693767173 0.0 33
1713693767871 1.3680832386016846 34
1713693768269 0.0 35
1713693769101 1.354370355606079 36
1713693769524 0.0 37
1713693770276 1.3441957235336304 38
1713693770803 0.0 39
1713693771615 1.3328865766525269 40
1713693772057 0.0 41
1713693772837 1.321226954460144 42
1713693773249 0.0 43
1713693774030 1.311523199081421 44
1713693774469 0.0 45
1713693775339 1.3048713207244873 46
1713693775779 0.0 47
1713693776583 1.292372703552246 48
1713693777066 0.0 49
