1713686667816 0.3809833228588104 0
1713686668591 0.0 1
1713686672698 0.5625666379928589 2
1713686673650 0.0 3
1713686677948 0.6273333430290222 4
1713686678812 0.0 5
1713686680550 0.6610833406448364 6
1713686681383 0.0 7
1713686683194 0.6845333576202393 8
1713686684033 0.0 9
1713686686224 0.7107999920845032 10
1713686687163 0.0 11
1713686691039 0.721750020980835 12
1713686691967 0.0 13
1713686693482 0.7349833250045776 14
1713686694241 0.0 15
1713686695966 0.7477333545684814 16
1713686696869 0.0 17
1713686701058 0.7584666609764099 18
1713686701925 0.0 19
1713686703394 0.7585499882698059 20
1713686704216 0.0 21
1713686705789 0.7632499933242798 22
1713686706653 0.0 23
1713686708257 0.770799994468689 24
1713686709204 0.0 25
1713686710897 0.7801333069801331 26
1713686711859 0.0 27
1713686713556 0.7794666886329651 28
1713686714335 0.0 29
1713686716057 0.7849666476249695 30
1713686716855 0.0 31
1713686718535 0.7838166952133179 32
1713686719319 0.0 33
1713686720913 0.7868499755859375 34
1713686721939 0.0 35
1713686723542 0.7882166504859924 36
1713686724487 0.0 37
1713686726211 0.789900004863739 38
1713686727162 0.0 39
1713686728902 0.7911999821662903 40
1713686729812 0.0 41
1713686731517 0.7906000018119812 42
1713686732402 0.0 43
1713686734072 0.7904999852180481 44
1713686734935 0.0 45
1713686736544 0.7946500182151794 46
1713686737461 0.0 47
1713686738968 0.7911999821662903 48
1713686739999 0.0 49
