1713686667816 4.554518699645996 0
1713686668591 0.0 1
1713686672698 2.362475633621216 2
1713686673650 0.0 3
1713686677948 1.9459593296051025 4
1713686678812 0.0 5
1713686680550 1.8064093589782715 6
1713686681383 0.0 7
1713686683194 1.7288159132003784 8
1713686684033 0.0 9
1713686686224 1.666577935218811 10
1713686687163 0.0 11
1713686691039 1.6202260255813599 12
1713686691967 0.0 13
1713686693482 1.5808085203170776 14
1713686694241 0.0 15
1713686695966 1.5461409091949463 16
1713686696869 0.0 17
1713686701058 1.51251220703125 18
1713686701925 0.0 19
1713686703394 1.489642858505249 20
1713686704216 0.0 21
1713686705789 1.467636227607727 22
1713686706653 0.0 23
1713686708257 1.443459153175354 24
1713686709204 0.0 25
1713686710897 1.4221463203430176 26
1713686711859 0.0 27
1713686713556 1.4061638116836548 28
1713686714335 0.0 29
1713686716057 1.3878064155578613 30
1713686716855 0.0 31
1713686718535 1.374633550643921 32
1713686719319 0.0 33
1713686720913 1.3605209589004517 34
1713686721939 0.0 35
1713686723542 1.347930908203125 36
1713686724487 0.0 37
1713686726211 1.3348442316055298 38
1713686727162 0.0 39
1713686728902 1.3233243227005005 40
1713686729812 0.0 41
1713686731517 1.313849925994873 42
1713686732402 0.0 43
1713686734072 1.3030290603637695 44
1713686734935 0.0 45
1713686736544 1.2952758073806763 46
1713686737461 0.0 47
1713686738968 1.2883360385894775 48
1713686739999 0.0 49
