1713690026817 0.11373333632946014 0
1713690030681 0.1029166653752327 1
1713690034636 0.10081666707992554 2
1713690038354 0.10109999775886536 3
1713690041914 0.10095000267028809 4
1713690045319 0.10215000063180923 5
1713690048922 0.10063333064317703 6
1713690052572 0.10055000334978104 7
1713690056237 0.125983327627182 8
1713690059800 0.19048333168029785 9
1713690063514 0.18574999272823334 10
1713690067302 0.1975666731595993 11
1713690071044 0.20088332891464233 12
1713690074813 0.19376666843891144 13
1713690078301 0.19629999995231628 14
1713690081789 0.2064666599035263 15
1713690085274 0.20621666312217712 16
1713690088840 0.20686666667461395 17
1713690092419 0.20666666328907013 18
1713690096007 0.2789166569709778 19
