1713690026817 2.443547487258911 0
1713690030681 2.4655110836029053 1
1713690034636 2.4710116386413574 2
1713690038354 2.4696245193481445 3
1713690041914 2.471357822418213 4
1713690045319 2.4709713459014893 5
1713690048922 2.466261386871338 6
1713690052572 2.471778154373169 7
1713690056237 2.411829710006714 8
1713690059800 2.2259521484375 9
1713690063514 2.228285789489746 10
1713690067302 2.1876466274261475 11
1713690071044 2.184739112854004 12
1713690074813 2.2144181728363037 13
1713690078301 2.199748992919922 14
1713690081789 2.155621290206909 15
1713690085274 2.1598799228668213 16
1713690088840 2.1478986740112305 17
1713690092419 2.1457679271698 18
1713690096007 1.940150260925293 19
