1713691212331 0.37211665511131287 0
1713691213182 0.0 1
1713691214805 0.5390999913215637 2
1713691215705 0.0 3
1713691217325 0.6132333278656006 4
1713691218232 0.0 5
1713691219789 0.6509000062942505 6
1713691220700 0.0 7
1713691222330 0.6746166944503784 8
1713691223194 0.0 9
1713691224804 0.6937500238418579 10
1713691225559 0.0 11
1713691227172 0.7069000005722046 12
1713691228071 0.0 13
1713691229658 0.7233499884605408 14
1713691230470 0.0 15
1713691232053 0.7334833145141602 16
1713691232870 0.0 17
1713691234457 0.7457000017166138 18
1713691235252 0.0 19
1713691236792 0.7557333111763 20
1713691237619 0.0 21
1713691239349 0.7645833492279053 22
1713691240151 0.0 23
1713691241707 0.7716166377067566 24
1713691242486 0.0 25
1713691243962 0.7780500054359436 26
1713691244802 0.0 27
1713691246324 0.7810333371162415 28
1713691247208 0.0 29
1713691248628 0.7860666513442993 30
1713691249355 0.0 31
1713691250922 0.784583330154419 32
1713691251696 0.0 33
1713691253209 0.7876999974250793 34
1713691254014 0.0 35
1713691255533 0.7890166640281677 36
1713691256341 0.0 37
1713691257906 0.7939000129699707 38
1713691258784 0.0 39
1713691260362 0.7924500107765198 40
1713691261129 0.0 41
1713691262689 0.7976666688919067 42
1713691263554 0.0 43
1713691265153 0.795116662979126 44
1713691266033 0.0 45
1713691267650 0.799833357334137 46
1713691268505 0.0 47
1713691269958 0.7974500060081482 48
1713691270732 0.0 49
