1713691212331 4.5641608238220215 0
1713691213182 0.0 1
1713691214805 2.3685622215270996 2
1713691215705 0.0 3
1713691217325 1.949785590171814 4
1713691218232 0.0 5
1713691219789 1.8105989694595337 6
1713691220700 0.0 7
1713691222330 1.7312816381454468 8
1713691223194 0.0 9
1713691224804 1.6726938486099243 10
1713691225559 0.0 11
1713691227172 1.6284286975860596 12
1713691228071 0.0 13
1713691229658 1.5899250507354736 14
1713691230470 0.0 15
1713691232053 1.5591672658920288 16
1713691232870 0.0 17
1713691234457 1.5284405946731567 18
1713691235252 0.0 19
1713691236792 1.4986754655838013 20
1713691237619 0.0 21
1713691239349 1.4756581783294678 22
1713691240151 0.0 23
1713691241707 1.4520026445388794 24
1713691242486 0.0 25
1713691243962 1.4302617311477661 26
1713691244802 0.0 27
1713691246324 1.41386079788208 28
1713691247208 0.0 29
1713691248628 1.39114511013031 30
1713691249355 0.0 31
1713691250922 1.3815690279006958 32
1713691251696 0.0 33
1713691253209 1.3639661073684692 34
1713691254014 0.0 35
1713691255533 1.352354645729065 36
1713691256341 0.0 37
1713691257906 1.3363147974014282 38
1713691258784 0.0 39
1713691260362 1.330014705657959 40
1713691261129 0.0 41
1713691262689 1.3149020671844482 42
1713691263554 0.0 43
1713691265153 1.30748450756073 44
1713691266033 0.0 45
1713691267650 1.2939937114715576 46
1713691268505 0.0 47
1713691269958 1.288716435432434 48
1713691270732 0.0 49
