1713693995209 0.27024999260902405 0
1713693996916 0.4780166745185852 1
1713693998593 0.5496500134468079 2
1713694000256 0.6272666454315186 3
1713694001903 0.6974666714668274 4
1713694003508 0.7423166632652283 5
1713694005183 0.7755833268165588 6
1713694006853 0.8008166551589966 7
1713694008533 0.8191999793052673 8
1713694010308 0.8333666920661926 9
1713694012037 0.8453333377838135 10
1713694013652 0.8549833297729492 11
1713694015323 0.8631333112716675 12
1713694016957 0.8703333139419556 13
1713694018677 0.8754500150680542 14
1713694020364 0.8803666830062866 15
1713694022101 0.885016679763794 16
1713694023843 0.888866662979126 17
1713694025590 0.8919833302497864 18
1713694027332 0.8955333232879639 19
