1713693995209 2.2461791038513184 0
1713693996916 2.025961399078369 1
1713693998593 1.6973143815994263 2
1713694000256 1.3987116813659668 3
1713694001903 1.1703476905822754 4
1713694003508 1.0096557140350342 5
1713694005183 0.8952426910400391 6
1713694006853 0.806414008140564 7
1713694008533 0.7338185906410217 8
1713694010308 0.6735719442367554 9
1713694012037 0.6235036253929138 10
1713694013652 0.581809401512146 11
1713694015323 0.5468340516090393 12
1713694016957 0.5173848271369934 13
1713694018677 0.4919624924659729 14
1713694020364 0.46989116072654724 15
1713694022101 0.4503379762172699 16
1713694023843 0.4330117702484131 17
1713694025590 0.4174374043941498 18
1713694027332 0.40335074067115784 19
