1713693952642 0.3163999915122986 0
1713693954316 0.6853333115577698 1
1713693955976 0.7945666909217834 2
1713693957654 0.8184999823570251 3
1713693959417 0.8140000104904175 4
1713693961133 0.8315666913986206 5
1713693962885 0.8414166569709778 6
1713693964583 0.8281000256538391 7
1713693966294 0.8274833559989929 8
1713693967954 0.8648333549499512 9
1713693969724 0.8392333388328552 10
1713693971447 0.8381666541099548 11
1713693973163 0.8660333156585693 12
1713693974874 0.8331166505813599 13
1713693976661 0.8664666414260864 14
1713693978386 0.8675166964530945 15
1713693980154 0.8660666942596436 16
1713693981841 0.8626333475112915 17
1713693983574 0.883650004863739 18
1713693985373 0.8827000260353088 19
