1713693952642 1.9879015684127808 0
1713693954316 1.0238865613937378 1
1713693955976 0.7680656909942627 2
1713693957654 0.6879020929336548 3
1713693959417 0.6805391907691956 4
1713693961133 0.6237106323242188 5
1713693962885 0.5867185592651367 6
1713693964583 0.6110705137252808 7
1713693966294 0.6219991445541382 8
1713693967954 0.5209437608718872 9
1713693969724 0.556056559085846 10
1713693971447 0.5622732043266296 11
1713693973163 0.49669113755226135 12
1713693974874 0.5594220161437988 13
1713693976661 0.4861709773540497 14
1713693978386 0.49187517166137695 15
1713693980154 0.4998294711112976 16
1713693981841 0.5034886598587036 17
1713693983574 0.4543704390525818 18
1713693985373 0.45154011249542236 19
