1713690201688 0.2533999979496002 0
1713690205042 0.5315166711807251 1
1713690208403 0.6752166748046875 2
1713690211676 0.7638833522796631 3
1713690215022 0.8270000219345093 4
1713690218353 0.8533166646957397 5
1713690221768 0.8692666888237 6
1713690225392 0.8795666694641113 7
1713690228913 0.8888333439826965 8
1713690232516 0.8960999846458435 9
1713690235896 0.9019166827201843 10
1713690239278 0.90625 11
1713690242822 0.9108499884605408 12
1713690246287 0.9150333404541016 13
1713690249562 0.9186000227928162 14
1713690252911 0.9217000007629395 15
1713690256242 0.925166666507721 16
1713690259542 0.9274166822433472 17
1713690262776 0.9292500019073486 18
1713690266071 0.9317833185195923 19
