1713690201688 2.2006356716156006 0
1713690205042 1.746478796005249 1
1713690208403 1.269114375114441 2
1713690211676 0.950276255607605 3
1713690215022 0.7555457949638367 4
1713690218353 0.6183292269706726 5
1713690221768 0.5309727191925049 6
1713690225392 0.47324955463409424 7
1713690228913 0.43173524737358093 8
1713690232516 0.39940664172172546 9
1713690235896 0.3735851049423218 10
1713690239278 0.3519006371498108 11
1713690242822 0.33325469493865967 12
1713690246287 0.31709879636764526 13
1713690249562 0.3031458258628845 14
1713690252911 0.29049545526504517 15
1713690256242 0.2792796790599823 16
1713690259542 0.26920652389526367 17
1713690262776 0.26016372442245483 18
1713690266071 0.2521412968635559 19
