1713689615759 0.40478333830833435 0
1713689616588 0.0 1
1713689618180 0.5666000247001648 2
1713689619109 0.0 3
1713689620682 0.6274333596229553 4
1713689621523 0.0 5
1713689623102 0.6577000021934509 6
1713689623857 0.0 7
1713689625549 0.6794499754905701 8
1713689626389 0.0 9
1713689627916 0.6908666491508484 10
1713689628790 0.0 11
1713689630319 0.708633303642273 12
1713689631107 0.0 13
1713689632687 0.7189833521842957 14
1713689633543 0.0 15
1713689635156 0.7300500273704529 16
1713689636002 0.0 17
1713689637635 0.7409833073616028 18
1713689638464 0.0 19
1713689640037 0.7526999711990356 20
1713689640845 0.0 21
1713689642472 0.7602499723434448 22
1713689643345 0.0 23
1713689644893 0.7629833221435547 24
1713689645813 0.0 25
1713689647352 0.7666666507720947 26
1713689648215 0.0 27
1713689649788 0.7745833396911621 28
1713689650645 0.0 29
1713689652216 0.778166651725769 30
1713689653066 0.0 31
1713689654601 0.7820166945457458 32
1713689655538 0.0 33
1713689657090 0.7827000021934509 34
1713689657916 0.0 35
1713689659462 0.7839166522026062 36
1713689660280 0.0 37
1713689661866 0.788516640663147 38
1713689662624 0.0 39
1713689664144 0.7896833419799805 40
1713689664958 0.0 41
1713689666604 0.787933349609375 42
1713689667469 0.0 43
1713689669026 0.7885666489601135 44
1713689669920 0.0 45
1713689671498 0.7926333546638489 46
1713689672382 0.0 47
1713689673904 0.7945500016212463 48
1713689674691 0.0 49
