1713689615759 4.5021281242370605 0
1713689616588 0.0 1
1713689618180 2.3355395793914795 2
1713689619109 0.0 3
1713689620682 1.9286119937896729 4
1713689621523 0.0 5
1713689623102 1.79328191280365 6
1713689623857 0.0 7
1713689625549 1.7184072732925415 8
1713689626389 0.0 9
1713689627916 1.6681742668151855 10
1713689628790 0.0 11
1713689630319 1.6215823888778687 12
1713689631107 0.0 13
1713689632687 1.5857938528060913 14
1713689633543 0.0 15
1713689635156 1.5551502704620361 16
1713689636002 0.0 17
1713689637635 1.5256503820419312 18
1713689638464 0.0 19
1713689640037 1.5002577304840088 20
1713689640845 0.0 21
1713689642472 1.4760538339614868 22
1713689643345 0.0 23
1713689644893 1.4558701515197754 24
1713689645813 0.0 25
1713689647352 1.4349855184555054 26
1713689648215 0.0 27
1713689649788 1.4159929752349854 28
1713689650645 0.0 29
1713689652216 1.3984642028808594 30
1713689653066 0.0 31
1713689654601 1.3842414617538452 32
1713689655538 0.0 33
1713689657090 1.3655954599380493 34
1713689657916 0.0 35
1713689659462 1.3569035530090332 36
1713689660280 0.0 37
1713689661866 1.340412974357605 38
1713689662624 0.0 39
1713689664144 1.33184015750885 40
1713689664958 0.0 41
1713689666604 1.3234665393829346 42
1713689667469 0.0 43
1713689669026 1.312699317932129 44
1713689669920 0.0 45
1713689671498 1.3025873899459839 46
1713689672382 0.0 47
1713689673904 1.2931667566299438 48
1713689674691 0.0 49
