1713623332956 0.3958333432674408 0
1713623333389 0.0 1
1713623334056 0.5538833141326904 2
1713623334404 0.0 3
1713623335074 0.6126499772071838 4
1713623335446 0.0 5
1713623336099 0.6391333341598511 6
1713623336437 0.0 7
1713623337100 0.6596999764442444 8
1713623337432 0.0 9
1713623338087 0.6737833619117737 10
1713623338476 0.0 11
1713623339120 0.6868000030517578 12
1713623339449 0.0 13
1713623340128 0.7000666856765747 14
1713623340492 0.0 15
1713623341175 0.7054499983787537 16
1713623341522 0.0 17
1713623342214 0.7153333425521851 18
1713623342587 0.0 19
1713623343258 0.7226666808128357 20
1713623343602 0.0 21
1713623344281 0.7277166843414307 22
1713623344646 0.0 23
1713623345288 0.7348166704177856 24
1713623345670 0.0 25
1713623346315 0.7354000210762024 26
1713623346675 0.0 27
1713623347315 0.7391166687011719 28
1713623347692 0.0 29
1713623348359 0.7466833591461182 30
1713623348712 0.0 31
1713623349345 0.7491166591644287 32
1713623349731 0.0 33
1713623350463 0.7526999711990356 34
1713623350923 0.0 35
1713623351685 0.7512833476066589 36
1713623352172 0.0 37
1713623352887 0.7552333474159241 38
1713623353253 0.0 39
1713623353961 0.7595666646957397 40
1713623354307 0.0 41
1713623354999 0.7585999965667725 42
1713623355367 0.0 43
1713623356046 0.7646833062171936 44
1713623356389 0.0 45
1713623357135 0.7677000164985657 46
1713623357507 0.0 47
1713623358179 0.7690333127975464 48
1713623358555 0.0 49
