1713623332956 4.530609607696533 0
1713623333389 0.0 1
1713623334056 2.3570785522460938 2
1713623334404 0.0 3
1713623335074 1.9348443746566772 4
1713623335446 0.0 5
1713623336099 1.795758605003357 6
1713623336437 0.0 7
1713623337100 1.722778558731079 8
1713623337432 0.0 9
1713623338087 1.668976068496704 10
1713623338476 0.0 11
1713623339120 1.6249010562896729 12
1713623339449 0.0 13
1713623340128 1.5879645347595215 14
1713623340492 0.0 15
1713623341175 1.5606101751327515 16
1713623341522 0.0 17
1713623342214 1.5301302671432495 18
1713623342587 0.0 19
1713623343258 1.5069246292114258 20
1713623343602 0.0 21
1713623344281 1.4858509302139282 22
1713623344646 0.0 23
1713623345288 1.466717004776001 24
1713623345670 0.0 25
1713623346315 1.448991298675537 26
1713623346675 0.0 27
1713623347315 1.434540867805481 28
1713623347692 0.0 29
1713623348359 1.416101098060608 30
1713623348712 0.0 31
1713623349345 1.4038095474243164 32
1713623349731 0.0 33
1713623350463 1.388753890991211 34
1713623350923 0.0 35
1713623351685 1.380462408065796 36
1713623352172 0.0 37
1713623352887 1.3683935403823853 38
1713623353253 0.0 39
1713623353961 1.357298493385315 40
1713623354307 0.0 41
1713623354999 1.3473621606826782 42
1713623355367 0.0 43
1713623356046 1.3358731269836426 44
1713623356389 0.0 45
1713623357135 1.3246574401855469 46
1713623357507 0.0 47
1713623358179 1.3183355331420898 48
1713623358555 0.0 49
