1713694376953 0.46779999136924744 0
1713694378683 0.7154833078384399 1
1713694380426 0.753333330154419 2
1713694382124 0.7968833446502686 3
1713694383795 0.7860999703407288 4
1713694385553 0.8065500259399414 5
1713694387343 0.7906000018119812 6
1713694389196 0.8111666440963745 7
1713694390987 0.8319166898727417 8
1713694392796 0.8253333568572998 9
1713694394582 0.8268833160400391 10
1713694396354 0.8277000188827515 11
1713694398113 0.8319666385650635 12
1713694399937 0.8451499938964844 13
1713694401715 0.8457666635513306 14
1713694403537 0.8426666855812073 15
1713694405545 0.8465333580970764 16
1713694407324 0.8648499846458435 17
1713694409092 0.8684999942779541 18
1713694410943 0.8616499900817871 19
