1713694376953 1.5924148559570312 0
1713694378683 0.9859594106674194 1
1713694380426 0.8896906971931458 2
1713694382124 0.7447521686553955 3
1713694383795 0.7951450347900391 4
1713694385553 0.7268500924110413 5
1713694387343 0.7528181076049805 6
1713694389196 0.7010270357131958 7
1713694390987 0.6390738487243652 8
1713694392796 0.6543889045715332 9
1713694394582 0.6462069153785706 10
1713694396354 0.6344429850578308 11
1713694398113 0.6207173466682434 12
1713694399937 0.5803167819976807 13
1713694401715 0.5823239088058472 14
1713694403537 0.5907287001609802 15
1713694405545 0.5748232007026672 16
1713694407324 0.5108076333999634 17
1713694409092 0.5121081471443176 18
1713694410943 0.5308367013931274 19
