1713692554662 0.2391500025987625 0
1713692556520 0.3507166802883148 1
1713692558487 0.46443334221839905 2
1713692560400 0.5892500281333923 3
1713692562391 0.675433337688446 4
1713692564300 0.7379000186920166 5
1713692566348 0.7855499982833862 6
1713692569447 0.8173166513442993 7
1713692572705 0.8376666903495789 8
1713692576281 0.8512666821479797 9
1713692578759 0.8615166544914246 10
1713692581060 0.8694499731063843 11
1713692583210 0.8755499720573425 12
1713692585124 0.8813999891281128 13
1713692587029 0.8856499791145325 14
1713692589077 0.8903666734695435 15
1713692591050 0.8943333625793457 16
1713692592988 0.8974666595458984 17
1713692594889 0.9008166790008545 18
1713692596915 0.9030666947364807 19
