1713692554662 2.2537219524383545 0
1713692556520 2.066051483154297 1
1713692558487 1.7980656623840332 2
1713692560400 1.4944928884506226 3
1713692562391 1.238906741142273 4
1713692564300 1.052163004875183 5
1713692566348 0.9099408984184265 6
1713692569447 0.7947095632553101 7
1713692572705 0.702593982219696 8
1713692576281 0.6318219900131226 9
1713692578759 0.577721357345581 10
1713692581060 0.5353713631629944 11
1713692583210 0.5012946724891663 12
1713692585124 0.47298169136047363 13
1713692587029 0.44888541102409363 14
1713692589077 0.42807331681251526 15
1713692591050 0.40985894203186035 16
1713692592988 0.39382031559944153 17
1713692594889 0.37939825654029846 18
1713692596915 0.3666188418865204 19
