1713690111055 0.1808166652917862 0
1713690116555 0.392549991607666 1
1713690121633 0.4749166667461395 2
1713690125234 0.5175166726112366 3
1713690128170 0.5703833103179932 4
1713690132075 0.6152833104133606 5
1713690135688 0.6536833047866821 6
1713690139047 0.6861500144004822 7
1713690142796 0.7216166853904724 8
1713690146225 0.7544333338737488 9
1713690149531 0.7854833602905273 10
1713690153022 0.8121333122253418 11
1713690156368 0.8324833512306213 12
1713690159848 0.8475499749183655 13
1713690162998 0.8597166538238525 14
1713690168368 0.8700000047683716 15
1713690171602 0.8779000043869019 16
1713690174788 0.8848666548728943 17
1713690178184 0.8899833559989929 18
1713690181474 0.8941333293914795 19
