1713690111055 2.2737414836883545 0
1713690116555 2.121203660964966 1
1713690121633 1.8106117248535156 2
1713690125234 1.481727957725525 3
1713690128170 1.2739838361740112 4
1713690132075 1.1532344818115234 5
1713690135688 1.0679696798324585 6
1713690139047 0.991455614566803 7
1713690142796 0.9140211343765259 8
1713690146225 0.8369893431663513 9
1713690149531 0.7638804316520691 10
1713690153022 0.6980571746826172 11
1713690156368 0.6406702995300293 12
1713690159848 0.591475784778595 13
1713690162998 0.5490970611572266 14
1713690168368 0.512738049030304 15
1713690171602 0.481733113527298 16
1713690174788 0.45510315895080566 17
1713690178184 0.4324444532394409 18
1713690181474 0.41280055046081543 19
