1713624327149 0.3311833441257477 0
1713624328788 0.559499979019165 1
1713624330534 0.7073666453361511 2
1713624332227 0.7850499749183655 3
1713624333903 0.828083336353302 4
1713624335594 0.8528000116348267 5
1713624337614 0.8708833456039429 6
1713624339421 0.8831999897956848 7
1713624341046 0.8929166793823242 8
1713624342687 0.8999000191688538 9
1713624344360 0.9057666659355164 10
1713624346127 0.9104166626930237 11
1713624348081 0.9151166677474976 12
1713624349999 0.918233335018158 13
1713624351946 0.921500027179718 14
1713624353751 0.9247833490371704 15
1713624355484 0.9274500012397766 16
1713624357191 0.9294000267982483 17
1713624359009 0.9310500025749207 18
1713624361058 0.9326666593551636 19
