1713624327149 2.1816232204437256 0
1713624328788 1.6132649183273315 1
1713624330534 1.1053260564804077 2
1713624332227 0.8323838114738464 3
1713624333903 0.6785933375358582 4
1713624335594 0.5785470604896545 5
1713624337614 0.5075138807296753 6
1713624339421 0.4545837938785553 7
1713624341046 0.4142007529735565 8
1713624342687 0.3829669654369354 9
1713624344360 0.3580847680568695 10
1713624346127 0.3377358913421631 11
1713624348081 0.32084864377975464 12
1713624349999 0.30636855959892273 13
1713624351946 0.2936563193798065 14
1713624353751 0.2827887237071991 15
1713624355484 0.2729286253452301 16
1713624357191 0.2641686797142029 17
1713624359009 0.2561069130897522 18
1713624361058 0.2488246113061905 19
