1713624211726 0.524066686630249 0
1713624213380 0.7618499994277954 1
1713624215038 0.7971000075340271 2
1713624216667 0.8022333383560181 3
1713624218205 0.8034166693687439 4
1713624219872 0.8172500133514404 5
1713624221496 0.826616644859314 6
1713624223141 0.8080166578292847 7
1713624224737 0.8254333138465881 8
1713624226317 0.8084499835968018 9
1713624227892 0.8213833570480347 10
1713624229513 0.8304666876792908 11
1713624231275 0.8286666870117188 12
1713624232849 0.8341000080108643 13
1713624234459 0.8201833367347717 14
1713624236101 0.8352166414260864 15
1713624237701 0.8355500102043152 16
1713624239359 0.8498166799545288 17
1713624241011 0.8272833228111267 18
1713624242772 0.8454166650772095 19
