1713624211726 1.4696203470230103 0
1713624213380 0.8700360059738159 1
1713624215038 0.7660486698150635 2
1713624216667 0.7562990784645081 3
1713624218205 0.7467962503433228 4
1713624219872 0.708888590335846 5
1713624221496 0.6856150031089783 6
1713624223141 0.729276716709137 7
1713624224737 0.676935613155365 8
1713624226317 0.7350680232048035 9
1713624227892 0.678671658039093 10
1713624229513 0.6558650135993958 11
1713624231275 0.6650816202163696 12
1713624232849 0.6373570561408997 13
1713624234459 0.6842522025108337 14
1713624236101 0.6382383108139038 15
1713624237701 0.6256811618804932 16
1713624239359 0.5871526598930359 17
1713624241011 0.6565302610397339 18
1713624242772 0.6096537709236145 19
