1713623777357 0.34665000438690186 0
1713623777738 0.0 1
1713623778448 0.549049973487854 2
1713623778822 0.0 3
1713623779560 0.6134666800498962 4
1713623779982 0.0 5
1713623780754 0.6525333523750305 6
1713623781232 0.0 7
1713623781917 0.6809333562850952 8
1713623782251 0.0 9
1713623782950 0.7009833455085754 10
1713623783368 0.0 11
1713623784082 0.7149999737739563 12
1713623784434 0.0 13
1713623785079 0.7297666668891907 14
1713623785403 0.0 15
1713623786061 0.7348999977111816 16
1713623786419 0.0 17
1713623787167 0.7440833449363708 18
1713623787524 0.0 19
1713623788212 0.7502166628837585 20
1713623788645 0.0 21
1713623789381 0.7506166696548462 22
1713623789822 0.0 23
1713623790530 0.7589666843414307 24
1713623790941 0.0 25
1713623791674 0.7634833455085754 26
1713623792076 0.0 27
1713623792749 0.7600333094596863 28
1713623793116 0.0 29
1713623793866 0.7613833546638489 30
1713623794262 0.0 31
1713623794956 0.7634000182151794 32
1713623795302 0.0 33
1713623795988 0.7650333046913147 34
1713623796337 0.0 35
1713623796995 0.7634166479110718 36
1713623797340 0.0 37
1713623797997 0.7656000256538391 38
1713623798382 0.0 39
1713623799077 0.7705000042915344 40
1713623799442 0.0 41
1713623800135 0.7708333134651184 42
1713623800513 0.0 43
1713623801222 0.7727833390235901 44
1713623801591 0.0 45
1713623802413 0.7694166898727417 46
1713623802812 0.0 47
1713623803548 0.7674999833106995 48
1713623803885 0.0 49
