1713623777357 4.570096015930176 0
1713623777738 0.0 1
1713623778448 2.397095203399658 2
1713623778822 0.0 3
1713623779560 1.9693527221679688 4
1713623779982 0.0 5
1713623780754 1.8265615701675415 6
1713623781232 0.0 7
1713623781917 1.7402583360671997 8
1713623782251 0.0 9
1713623782950 1.678982138633728 10
1713623783368 0.0 11
1713623784082 1.6291687488555908 12
1713623784434 0.0 13
1713623785079 1.5909737348556519 14
1713623785403 0.0 15
1713623786061 1.5558254718780518 16
1713623786419 0.0 17
1713623787167 1.5260663032531738 18
1713623787524 0.0 19
1713623788212 1.4951196908950806 20
1713623788645 0.0 21
1713623789381 1.4775195121765137 22
1713623789822 0.0 23
1713623790530 1.4542006254196167 24
1713623790941 0.0 25
1713623791674 1.4344401359558105 26
1713623792076 0.0 27
1713623792749 1.4190844297409058 28
1713623793116 0.0 29
1713623793866 1.4058725833892822 30
1713623794262 0.0 31
1713623794956 1.3896812200546265 32
1713623795302 0.0 33
1713623795988 1.3787704706192017 34
1713623796337 0.0 35
1713623796995 1.3670339584350586 36
1713623797340 0.0 37
1713623797997 1.357522964477539 38
1713623798382 0.0 39
1713623799077 1.34494948387146 40
1713623799442 0.0 41
1713623800135 1.3358912467956543 42
1713623800513 0.0 43
1713623801222 1.3262616395950317 44
1713623801591 0.0 45
1713623802413 1.3204842805862427 46
1713623802812 0.0 47
1713623803548 1.3155615329742432 48
1713623803885 0.0 49
