1713694036924 0.3479333221912384 0
1713694038648 0.5959333181381226 1
1713694040409 0.6835833191871643 2
1713694042135 0.753350019454956 3
1713694043870 0.8119666576385498 4
1713694045663 0.8491500020027161 5
1713694047393 0.8697166442871094 6
1713694049280 0.8826666474342346 7
1713694051079 0.8931999802589417 8
1713694052830 0.9002666473388672 9
1713694054571 0.9052166938781738 10
1713694056324 0.910016655921936 11
1713694058082 0.9135833382606506 12
1713694059840 0.9166666865348816 13
1713694061587 0.9195833206176758 14
1713694063355 0.9218000173568726 15
1713694065160 0.9244833588600159 16
1713694066941 0.9267833232879639 17
1713694068679 0.9289500117301941 18
1713694070548 0.9308833479881287 19
