1713694036924 2.1577720642089844 0
1713694038648 1.6447173357009888 1
1713694040409 1.2046962976455688 2
1713694042135 0.9121035933494568 3
1713694043870 0.7251837253570557 4
1713694045663 0.6075350046157837 5
1713694047393 0.5270154476165771 6
1713694049280 0.46812427043914795 7
1713694051079 0.4241538941860199 8
1713694052830 0.39091625809669495 9
1713694054571 0.36544013023376465 10
1713694056324 0.34491127729415894 11
1713694058082 0.32798606157302856 12
1713694059840 0.313787579536438 13
1713694061587 0.3011607527732849 14
1713694063355 0.2901124358177185 15
1713694065160 0.28013986349105835 16
1713694066941 0.2709409296512604 17
1713694068679 0.26240530610084534 18
1713694070548 0.25481659173965454 19
