1713624288424 0.20010000467300415 0
1713624289979 0.3556833267211914 1
1713624291601 0.4526166617870331 2
1713624293226 0.5701333284378052 3
1713624294836 0.666100025177002 4
1713624296460 0.7195666432380676 5
1713624298180 0.755466639995575 6
1713624299883 0.783383309841156 7
1713624301476 0.8050166964530945 8
1713624303116 0.8221333622932434 9
1713624304709 0.8375666737556458 10
1713624306338 0.8506500124931335 11
1713624307958 0.8622000217437744 12
1713624309620 0.87131667137146 13
1713624311284 0.8791833519935608 14
1713624312877 0.8854833245277405 15
1713624314505 0.8911666870117188 16
1713624316239 0.896233320236206 17
1713624317789 0.8999333381652832 18
1713624319357 0.9036666750907898 19
