1713624288424 2.2828500270843506 0
1713624289979 2.12677001953125 1
1713624291601 1.8566473722457886 2
1713624293226 1.5548571348190308 3
1713624294836 1.2982063293457031 4
1713624296460 1.1049283742904663 5
1713624298180 0.9624857306480408 6
1713624299883 0.8545989990234375 7
1713624301476 0.7704437971115112 8
1713624303116 0.7030542492866516 9
1713624304709 0.6476575136184692 10
1713624306338 0.6010246276855469 11
1713624307958 0.5610695481300354 12
1713624309620 0.5261512994766235 13
1713624311284 0.49549731612205505 14
1713624312877 0.468553364276886 15
1713624314505 0.44455409049987793 16
1713624316239 0.42353904247283936 17
1713624317789 0.404792845249176 18
1713624319357 0.3881846070289612 19
