1713691777714 0.29126667976379395 0
1713691781441 0.5129500031471252 1
1713691785288 0.6672000288963318 2
1713691789191 0.7609999775886536 3
1713691793182 0.8072166442871094 4
1713691797083 0.840583324432373 5
1713691800889 0.8673333525657654 6
1713691804831 0.8846166729927063 7
1713691808766 0.8952833414077759 8
1713691812746 0.902649998664856 9
1713691816723 0.9082499742507935 10
1713691820571 0.9136833548545837 11
1713691824431 0.9180333614349365 12
1713691828284 0.9213833212852478 13
1713691832108 0.9239166378974915 14
1713691835691 0.9263666868209839 15
1713691839297 0.9289666414260864 16
1713691842855 0.9311166405677795 17
1713691846709 0.9337000250816345 18
1713691850449 0.9344000220298767 19
