1713691777714 2.1966471672058105 0
1713691781441 1.744314193725586 1
1713691785288 1.247975468635559 2
1713691789191 0.933617889881134 3
1713691793182 0.7497152090072632 4
1713691797083 0.6310378313064575 5
1713691800889 0.5402578115463257 6
1713691804831 0.47007760405540466 7
1713691808766 0.4188910126686096 8
1713691812746 0.3816734552383423 9
1713691816723 0.3536604344844818 10
1713691820571 0.33151790499687195 11
1713691824431 0.3133490979671478 12
1713691828284 0.29809704422950745 13
1713691832108 0.2849462032318115 14
1713691835691 0.27355706691741943 15
1713691839297 0.2635240852832794 16
1713691842855 0.25457999110221863 17
1713691846709 0.24651823937892914 18
1713691850449 0.2391207218170166 19
