1713692456386 0.5046666860580444 0
1713692458433 0.796999990940094 1
1713692460365 0.8392166495323181 2
1713692462426 0.8402500152587891 3
1713692464357 0.8599833250045776 4
1713692466352 0.8572999835014343 5
1713692468265 0.8710500001907349 6
1713692470284 0.8737833499908447 7
1713692472222 0.8813833594322205 8
1713692474219 0.8886333107948303 9
1713692476109 0.8827333450317383 10
1713692478104 0.8809833526611328 11
1713692480047 0.8913333415985107 12
1713692482972 0.8886833190917969 13
1713692486409 0.8936333060264587 14
1713692489767 0.8999166488647461 15
1713692492530 0.9010000228881836 16
1713692494675 0.9023333191871643 17
1713692497365 0.8932166695594788 18
1713692499668 0.9003833532333374 19
