1713692456386 1.5424731969833374 0
1713692458433 0.7595012784004211 1
1713692460365 0.604979932308197 2
1713692462426 0.5939745306968689 3
1713692464357 0.5278573632240295 4
1713692466352 0.5301501154899597 5
1713692468265 0.4972510039806366 6
1713692470284 0.47350698709487915 7
1713692472222 0.4433632493019104 8
1713692474219 0.42733410000801086 9
1713692476109 0.4458675980567932 10
1713692478104 0.4518427848815918 11
1713692480047 0.42318296432495117 12
1713692482972 0.42736750841140747 13
1713692486409 0.408871591091156 14
1713692489767 0.39016181230545044 15
1713692492530 0.38999029994010925 16
1713692494675 0.3847373127937317 17
1713692497365 0.4024239182472229 18
1713692499668 0.39347460865974426 19
