1713624064255 0.3787333369255066 0
1713624064669 0.0 1
1713624065355 0.5683500170707703 2
1713624065783 0.0 3
1713624066453 0.6303499937057495 4
1713624066865 0.0 5
1713624067508 0.6433166861534119 6
1713624067879 0.0 7
1713624068578 0.6604166626930237 8
1713624069002 0.0 9
1713624069715 0.6720666885375977 10
1713624070103 0.0 11
1713624070846 0.6785500049591064 12
1713624071254 0.0 13
1713624071966 0.6869500279426575 14
1713624072347 0.0 15
1713624073080 0.694100022315979 16
1713624073421 0.0 17
1713624074139 0.7084000110626221 18
1713624074507 0.0 19
1713624075178 0.7143333554267883 20
1713624075530 0.0 21
1713624076173 0.722516655921936 22
1713624076511 0.0 23
1713624077180 0.7305833101272583 24
1713624077524 0.0 25
1713624078203 0.7365333437919617 26
1713624078543 0.0 27
1713624079221 0.7426000237464905 28
1713624079567 0.0 29
1713624080238 0.7448499798774719 30
1713624080624 0.0 31
1713624081335 0.7513166666030884 32
1713624081743 0.0 33
1713624082452 0.7539499998092651 34
1713624082789 0.0 35
1713624083457 0.7570833563804626 36
1713624083846 0.0 37
1713624084571 0.7544666528701782 38
1713624084919 0.0 39
1713624085646 0.7604666948318481 40
1713624086004 0.0 41
1713624086650 0.7612833380699158 42
1713624086999 0.0 43
1713624087674 0.7611666917800903 44
1713624088004 0.0 45
1713624088669 0.7606333494186401 46
1713624089032 0.0 47
1713624089751 0.7624666690826416 48
1713624090122 0.0 49
