1713624064255 4.56564474105835 0
1713624064669 0.0 1
1713624065355 2.35973858833313 2
1713624065783 0.0 3
1713624066453 1.9321297407150269 4
1713624066865 0.0 5
1713624067508 1.7951120138168335 6
1713624067879 0.0 7
1713624068578 1.718566656112671 8
1713624069002 0.0 9
1713624069715 1.664903998374939 10
1713624070103 0.0 11
1713624070846 1.6263595819473267 12
1713624071254 0.0 13
1713624071966 1.590131402015686 14
1713624072347 0.0 15
1713624073080 1.5633443593978882 16
1713624073421 0.0 17
1713624074139 1.5341755151748657 18
1713624074507 0.0 19
1713624075178 1.5154290199279785 20
1713624075530 0.0 21
1713624076173 1.4917758703231812 22
1713624076511 0.0 23
1713624077180 1.4726604223251343 24
1713624077524 0.0 25
1713624078203 1.4545190334320068 26
1713624078543 0.0 27
1713624079221 1.4372178316116333 28
1713624079567 0.0 29
1713624080238 1.4231882095336914 30
1713624080624 0.0 31
1713624081335 1.4059789180755615 32
1713624081743 0.0 33
1713624082452 1.3910424709320068 34
1713624082789 0.0 35
1713624083457 1.3802611827850342 36
1713624083846 0.0 37
1713624084571 1.368943691253662 38
1713624084919 0.0 39
1713624085646 1.3559134006500244 40
1713624086004 0.0 41
1713624086650 1.347611427307129 42
1713624086999 0.0 43
1713624087674 1.338170051574707 44
1713624088004 0.0 45
1713624088669 1.3297840356826782 46
1713624089032 0.0 47
1713624089751 1.3198840618133545 48
1713624090122 0.0 49
