1713691522196 0.35493332147598267 0
1713691525740 0.6623166799545288 1
1713691529319 0.7199333310127258 2
1713691533067 0.7337833046913147 3
1713691536810 0.7899333238601685 4
1713691540610 0.816016674041748 5
1713691544401 0.8187500238418579 6
1713691548058 0.8383166790008545 7
1713691551735 0.8445500135421753 8
1713691555467 0.8408166766166687 9
1713691559152 0.8406500220298767 10
1713691562821 0.8256000280380249 11
1713691566435 0.8320333361625671 12
1713691569932 0.8447333574295044 13
1713691573490 0.8550999760627747 14
1713691577170 0.8479833602905273 15
1713691580836 0.8376500010490417 16
1713691584498 0.8270666599273682 17
1713691588168 0.8615666627883911 18
1713691591908 0.850350022315979 19
