1713691522196 1.8159857988357544 0
1713691525740 1.0740838050842285 1
1713691529319 0.962232768535614 2
1713691533067 0.9409301280975342 3
1713691536810 0.7776819467544556 4
1713691540610 0.6950227618217468 5
1713691544401 0.6887049078941345 6
1713691548058 0.6403325796127319 7
1713691551735 0.6180926561355591 8
1713691555467 0.6386095881462097 9
1713691559152 0.6287033557891846 10
1713691562821 0.6480968594551086 11
1713691566435 0.6458841562271118 12
1713691569932 0.6079716682434082 13
1713691573490 0.5772584080696106 14
1713691577170 0.583872377872467 15
1713691580836 0.6177980899810791 16
1713691584498 0.6251596212387085 17
1713691588168 0.5402699112892151 18
1713691591908 0.5588223338127136 19
