1713694464111 0.3452666699886322 0
1713694465823 0.5822333097457886 1
1713694467631 0.690500020980835 2
1713694469473 0.7550333142280579 3
1713694471288 0.8041666746139526 4
1713694473122 0.8391500115394592 5
1713694474962 0.8619833588600159 6
1713694476844 0.8762500286102295 7
1713694478695 0.88714998960495 8
1713694480564 0.8945666551589966 9
1713694482363 0.9000499844551086 10
1713694484212 0.9058333039283752 11
1713694486056 0.9104333519935608 12
1713694487837 0.9139333367347717 13
1713694489683 0.9169166684150696 14
1713694491497 0.9205333590507507 15
1713694493299 0.9230499863624573 16
1713694495120 0.9252499938011169 17
1713694497008 0.9273499846458435 18
1713694498787 0.9290333390235901 19
