1713694464111 2.1981897354125977 0
1713694465823 1.650482177734375 1
1713694467631 1.1515332460403442 2
1713694469473 0.8869052529335022 3
1713694471288 0.7299082279205322 4
1713694473122 0.6170459389686584 5
1713694474962 0.5343490839004517 6
1713694476844 0.4759153723716736 7
1713694478695 0.43391120433807373 8
1713694480564 0.4019399881362915 9
1713694482363 0.3762895464897156 10
1713694484212 0.3552315831184387 11
1713694486056 0.33745476603507996 12
1713694487837 0.3220784366130829 13
1713694489683 0.30853593349456787 14
1713694491497 0.29671940207481384 15
1713694493299 0.2858195900917053 16
1713694495120 0.2761918306350708 17
1713694497008 0.2674655020236969 18
1713694498787 0.259450763463974 19
