1713624249079 0.09035000205039978 0
1713624250826 0.09035000205039978 1
1713624252476 0.09035000205039978 2
1713624254226 0.09035000205039978 3
1713624255916 0.09035000205039978 4
1713624257628 0.09035000205039978 5
1713624259366 0.09035000205039978 6
1713624261228 0.09035000205039978 7
1713624262990 0.09035000205039978 8
1713624264645 0.09035000205039978 9
1713624266316 0.09035000205039978 10
1713624267960 0.09035000205039978 11
1713624269646 0.09035000205039978 12
1713624271299 0.09035000205039978 13
1713624272945 0.09035000205039978 14
1713624274544 0.09035000205039978 15
1713624276132 0.09035000205039978 16
1713624277864 0.09035000205039978 17
1713624279484 0.09035000205039978 18
1713624281123 0.09035000205039978 19
