1713624249079 2.459193706512451 0
1713624250826 2.455650806427002 1
1713624252476 2.45220685005188 2
1713624254226 2.4488635063171387 3
1713624255916 2.445615291595459 4
1713624257628 2.4424564838409424 5
1713624259366 2.4393885135650635 6
1713624261228 2.4364073276519775 7
1713624262990 2.4335029125213623 8
1713624264645 2.430675745010376 9
1713624266316 2.427924633026123 10
1713624267960 2.4252498149871826 11
1713624269646 2.422642946243286 12
1713624271299 2.4200994968414307 13
1713624272945 2.4176251888275146 14
1713624274544 2.415210247039795 15
1713624276132 2.4128620624542236 16
1713624277864 2.4105660915374756 17
1713624279484 2.408329963684082 18
1713624281123 2.4061477184295654 19
