1713691691818 0.2774333357810974 0
1713691695535 0.430649995803833 1
1713691699303 0.48768332600593567 2
1713691702845 0.595216691493988 3
1713691706495 0.6948833465576172 4
1713691710205 0.7503833174705505 5
1713691713835 0.7846666574478149 6
1713691717578 0.8095333576202393 7
1713691721310 0.8260666728019714 8
1713691725009 0.8404833078384399 9
1713691728837 0.8500999808311462 10
1713691732573 0.8578833341598511 11
1713691736380 0.864883303642273 12
1713691740062 0.8706333041191101 13
1713691743821 0.875249981880188 14
1713691747601 0.8789166808128357 15
1713691751366 0.8831499814987183 16
1713691755238 0.8865500092506409 17
1713691758943 0.8896666765213013 18
1713691762588 0.8923666477203369 19
