1713691691818 2.262012004852295 0
1713691695535 2.079871416091919 1
1713691699303 1.7707500457763672 2
1713691702845 1.4479478597640991 3
1713691706495 1.1769039630889893 4
1713691710205 0.9759947061538696 5
1713691713835 0.8395746350288391 6
1713691717578 0.7439082860946655 7
1713691721310 0.674419105052948 8
1713691725009 0.6220045685768127 9
1713691728837 0.5812219381332397 10
1713691732573 0.5481605529785156 11
1713691736380 0.5206077694892883 12
1713691740062 0.49703818559646606 13
1713691743821 0.4763384461402893 14
1713691747601 0.458055317401886 15
1713691751366 0.44167476892471313 16
1713691755238 0.42673173546791077 17
1713691758943 0.41324862837791443 18
1713691762588 0.4008670151233673 19
