1713692508444 0.47003334760665894 0
1713692510384 0.7614499926567078 1
1713692512321 0.7917166948318481 2
1713692514286 0.8134666681289673 3
1713692516259 0.8301500082015991 4
1713692518191 0.8330666422843933 5
1713692520150 0.8301500082015991 6
1713692522262 0.8443499803543091 7
1713692524205 0.8568999767303467 8
1713692526158 0.8598499894142151 9
1713692528158 0.8645166754722595 10
1713692530122 0.8632166385650635 11
1713692532059 0.8642333149909973 12
1713692534049 0.8635500073432922 13
1713692535964 0.878166675567627 14
1713692537916 0.8738166689872742 15
1713692539864 0.8565666675567627 16
1713692541865 0.8643166422843933 17
1713692543798 0.8729166388511658 18
1713692545827 0.8676000237464905 19
