1713692508444 1.5539450645446777 0
1713692510384 0.857585608959198 1
1713692512321 0.7657346129417419 2
1713692514286 0.692829430103302 3
1713692516259 0.6387761235237122 4
1713692518191 0.6231014728546143 5
1713692520150 0.625726580619812 6
1713692522262 0.6046348214149475 7
1713692524205 0.5657004714012146 8
1713692526158 0.5550796389579773 9
1713692528158 0.5454882979393005 10
1713692530122 0.5396600961685181 11
1713692532059 0.5292790532112122 12
1713692534049 0.524535059928894 13
1713692535964 0.49094387888908386 14
1713692537916 0.500834584236145 15
1713692539864 0.5527817606925964 16
1713692541865 0.5282783508300781 17
1713692543798 0.5046070218086243 18
1713692545827 0.5147191286087036 19
